14.29313142239048


14.870740941049215


22.819576333089845


22.704163623082543


37.26297577854671


57.01040582726327


63.275383491599705


63.8736303871439


61.903579254930605


87.34527089072543


59.20524691358025


84.58688865764829


60.31044558071585


56.91836734693877


59.245370370370374


59.605551497443386


58.31944444444444


57.7337962962963


59.30387143900657


60.46606648199446


59.382761139517896


58.23070987654321


60.33864265927978


57.536265432098766


55.78612244897959


59.56245434623813


57.44753086419753


57.6195987654321


59.39517896274653


58.910883856829805


59.18991964937911


59.88312636961285


111.96485260770974


59.686980609418285


57.75925925925926


60.498614958448755


56.11020408163265


58.22936449963477


59.15704894083272


59.21913805697589


78.62434963579605


57.21219135802469


78.73257023933402


59.05843681519357


59.157779401022644


59.94959824689555


59.20525931336742


61.22299168975069


57.35493827160494


57.95756172839506


59.221329437545656


58.26543209876543


59.3681519357195


57.97762345679013


58.85536888239591


57.25694444444444


80.98335067637878


59.22498173849525


82.6796875


60.162049861495845


58.91964937910884


60.95013850415513


56.945216049382715


58.966398831263696


58.99780861943024


58.8736303871439


58.75894813732651


58.60108024691358


58.027006172839506


60.64196675900277


57.97067901234568


59.53834915997078


60.45706371191136


59.37983929875822


88.8613406795225


59.19357195032871


56.926697530864196


58.884587289992695


60.62590401051939


60.03047091412743


57.020833333333336


62.12491781722551


57.82561728395062


59.15704894083272


59.070854638422205


57.12808641975309


60.1606648199446


59.35573411249087


59.332359386413444


58.62673484295106


58.52154857560263


57.53086419753087


58.33382030679328


58.48502556610665


60.245152354570635


58.488677867056246


58.33601168736304


59.32213294375457


60.17520775623269


58.475529583637694


58.413440467494524


59.25493060628196


59.34769905040175


58.38495252008766


60.153047091412745


60.20914127423823


59.470914127423825


59.22498173849525


58.531775018261506


60.195983379501385


59.13075237399562


60.25207756232687


58.2154857560263


60.88781163434903


60.08240997229917


60.88781163434903


60.71606648199446


58.81446311176041


57.45293209876543


58.673484295105915


62.403024326101246


60.16689750692521


55.06857142857143


58.127100073046016


59.05624543462381


56.963734567901234


58.12929145361578


59.85249307479224


56.55015432098765


59.47333820306793


58.381300219138055


58.16143170197224


59.13365650969529


59.58102493074792


57.42878013148283


59.353185595567865


56.09027777777778


59.44806094182825


57.574872169466765


56.138888888888886


59.64750692520776


54.40734693877551


59.035318559556785


59.8898891966759


59.851108033241


60.78500986193294


53.884897959183675


58.76333089846603


56.067129629629626


58.69028487947407


57.80015432098765


57.64791818845873


57.64426588750913


58.29293628808864


55.72530864197531


56.40972222222222


59.71260387811634


60.4314404432133


63.719263642340565


62.331717451523545


65.10913872452333


59.016975308641975


64.56509695290859


60.19675925925926


58.92824074074074


60.68517165814463


64.71585098612125


56.29757785467128


56.15151515151515


54.38671875


55.61891643709826


55.75432525951557


53.94214876033058


53.15608740894901


54.16161616161616


56.07439446366782


52.4912109375


53.79338842975206


54.3720703125


56.56979591836735


57.71349862258953


49.08442330558859


72.42659279778394


56.0977508650519


55.7742214532872


54.595703125


54.06285714285714


54.427734375


55.26354453627181


55.266299357208446


53.72910927456382


52.1669921875


53.52066115702479


51.7346189164371


49.0888671875


51.04065743944636


71.68555555555555


49.93204775022957


48.81634527089073


78.5615234375


52.732244897959184


50.40220385674931


51.24480968858131


50.88754325259516


49.50413223140496


50.77768166089965


49.294765840220386


51.32612456747405


51.10034602076124


53.00163265306122


51.0181660899654


49.50413223140496


52.348571428571425


53.30612244897959


51.35640138408304


52.12629757785467


51.82367346938776


49.6198347107438


50.533516988062445


52.36734693877551


51.30968858131488


49.23783287419651


49.282828282828284


52.2734693877551


49.8732782369146


51.77162629757785


50.59515570934256


49.45821854912764


50.56487889273357


52.138775510204084


51.13667820069204


52.13061224489796


52.628571428571426


51.29498269896194


50.18944636678201


48.90541781450872


52.75925925925926


51.74448979591837


51.674285714285716


48.406795224977046


50.74740484429066


50.85121107266436


51.11851211072664


51.344290657439444


52.60408163265306


51.04152249134948


52.42938775510204


80.48178980228928


54.138775510204084


81.85848074921957


54.053877551020406


54.72816326530612


81.20187304890739


52.80103806228374


87.10468319559229


54.9730612244898


85.8017578125


55.60108024691358


53.72816326530612


53.10467128027682


55.63510204081633


54.31673469387755


54.39836734693878


53.751020408163264


88.61159169550173


53.436734693877554


51.06574394463668


82.6904296875


50.86159169550173


52.623673469387754


51.47923875432526


49.539944903581265


49.27364554637282


52.47673469387755


52.55020408163265


53.0242214532872


58.23456790123457


60.43316289262235


56.76851851851852


52.21626297577855


55.435956790123456


53.5134693877551


52.19755102040816


53.24734693877551


55.46913580246913


55.24691358024691


53.00163265306122


50.951557093425606


51.003460207612456


50.917820069204154


52.12326530612245


51.05795847750865


51.127162629757784


59.10153396639883


60.90203813280736


57.270083102493075


55.4429012345679


53.04897959183673


52.55020408163265


55.00077160493827


54.72530864197531


53.270204081632656


54.01795918367347


56.24979591836735


57.13306122448979


61.89335281227173


64.45914127423822


85.32966023875115


64.65650969529086


86.74563820018365


67.77375


76.52888888888889


67.359375


90.08487654320987


71.48958953004164


81.32323232323232


80.82785467128028


75.99845041322314


76.18983234180638


77.52298539751217


79.0454299621417


82.29283950617284


79.01387874360847


85.3648393194707


89.74638429752066


86.4773156899811


83.94444444444444


89.07118055555556


81.81065759637188


87.20132325141778


88.26799456767768


90.83884688090737


98.8664


98.0988


94.32421875


90.96739130434783


93.85242191036669


96.28776041666667


90.04938271604938


92.12854442344046


92.54206049149339


93.05198487712666


90.52395061728394


92.12381852551985


89.88888888888889


90.12493827160493


90.77382716049382


95.46310547759167


91.44691358024691


93.78071833648393


88.91322314049587


88.6069214876033


90.23358024691358


89.36363636363636


90.82954545454545


88.14386154678205


83.10945865556216


87.60411032990805


85.49773242630386


83.88578227245686


68.30394857667585


82.51125


81.4925


86.54648526077098


84.44437834622249


81.019375


85.0611439842209


82.51992861392029


85.01303854875283


77.32021604938272


80.49125


83.16478286734088


81.48060941828255


80.916875


84.26869806094183


83.6775728732897


72.3408


81.2325


82.7792980368828


81.118125


83.19095776323617


78.64497041420118


78.42735042735043


82.55919095776324


78.620625


80.7560975609756


78.15875


75.60749506903353


75.42472057856673


78.18875


75.81262327416174


73.14681440443213


78.66210588935158


76.39625


76.4675


75.974375


75.545


79.09920634920636


75.190625


77.00059488399762


81.38507301243915


77.70791195716835


73.155161078238


75.575


72.93030900723208


74.77


76.67816775728733


72.06837606837607


73.01307966706302


73.40875


73.119375


73.311875


71.17488494411572


70.89940828402366


79.97052154195012


76.38786436644854


74.29982153480071


70.19592373438527


72.3075


72.034375


71.830625


71.24375


72.45375


72.5525


72.246875


69.86259040105195


75.73881373569199


72.23875


70.56344510190664


73.37239738251041


71.715


71.82625


71.715625


71.885625


71.585625


71.51375


72.90779298036882


73.36347412254611


72.56454491374183


73.98639455782313


69.543125


75.88912925905895


72.22427126710292


74.87398593834506


73.42403628117914


70.16


74.22165532879819


89.74845679012346


72.15348007138608


71.08328375966687


72.03271861986913


69.85125


71.74538964901843


72.68707482993197


72.65249433106575


71.91612135633551


69.399375


73.18820861678005


77.17065556711759


72.2358276643991


79.5654296875


70.99643069601427


73.3656462585034


73.37244897959184


74.45429962141698


70.19625


71.31409875074361


71.57822724568709


67.94477317554241


74.35911303407246


73.54081632653062


71.19214753123141


73.22392290249434


72.02498512790007


69.76


69.225625


76.45577523413111


73.99567333693889


71.2064247471743


76.08012486992716


71.43129089827484


73.24263038548753


73.12358276643991


77.5057232049948


72.9625850340136


72.87698412698413


73.71552190373174


72.96485260770974


72.84637188208617


78.156087408949


80.9482421875


73.3704705246079


71.66686496133254


77.31888888888889


73.32539682539682


78.86992715920915


73.96315192743764


72.65362811791383


78.1092611862643


70.77275431290899


70.95359904818561


75.41265548945375


71.78571428571429


68.1078238001315


70.69898869720404


71.3837001784652


70.48661511005353


69.619375


71.46698393813206


73.00963718820861


71.12016656751933


71.67063492063492


71.83276643990929


71.70238095238095


71.08804283164783


70.30160618679358


71.86167800453515


81.6640625


72.45975056689342


69.91552647233789


69.165625


69.29803688280785


68.655


77.04434829637643


76.62628447809627


70.13622843545508


70.23299319727892


69.38905413444378


69.18976799524093


68.46400951814397


67.925


70.64795918367346


69.53458049886622


69.97505668934241


69.58001189767995


67.60678167757287


66.8825


65.41880341880342


68.60975609756098


66.62625


66.295


79.22892819979188


64.07626561472715


66.39125


64.96646942800788


66.93375


77.55410225921521


62.70637119113574


64.17028270874425


65.503125


66.4425


66.468125


74.76798269334776


76.36343969713359


71.109410430839


66.470625


65.54503616042078


67.7625


66.62


66.02125


66.29


64.84878369493754


62.91412742382271


66.45625


63.75542406311637


64.85733070348455


68.93218322427127


80.74505723204994


66.63


66.800625


83.97265625


66.350625


68.15348007138608


91.08217993079585


65.90598290598291


65.58125


89.25432525951557


64.43918474687706


91.07183673469387


66.07375


66.71088637715646


83.6220703125


65.716875


64.53846153846153


81.935546875


66.12373587150506


79.00520291363163


68.27721594289113


65.594375


66.2825


82.51953125


66.0575


66.81625


66.96


68.78061224489795


67.096875


66.946875


68.41106484235574


66.971875


63.3185595567867


64.66469428007889


64.9775


66.335625


64.50756081525313


65.969375


68.22562358276645


65.88375


66.44140392623439


64.12557527942144


67.0261748958953


66.01903628792385


66.5205234979179


64.911875


65.050625


65.29625


67.02974419988102


65.165625


63.976331360946745


66.14634146341463


67.17965496728138


64.19592373438527


65.25


65.29125


66.2875


63.25706771860618


66.73944080904224


65.9625


66.17549077929803


68.05045351473923


67.29030339083879


66.99286139202856


66.10469958358121


65.13


69.78231292517007


69.62641723356009


69.01757369614512


66.57465794170137


66.3170731707317


80.73666666666666


65.88637715645449


65.90303390838787


65.64128494943486


83.25806451612904


64.753125


83.18418314255983


64.985


61.927285318559555


62.699539776462856


61.33864265927978


64.80125


65.36525877453896


64.575625


65.86125


65.99375


65.714375


66.54491374182035


67.38488994646045


62.28739612188366


69.37641968631692


68.16299821534801


74.95454545454545


72.08049886621315


72.8514739229025


72.91213151927438


77.53873966942149


75.33729338842976


75.22498647917793


75.65444214876032


73.00226757369614


77.11259259259259


74.81719848566793


75.39697133585722


76.3305785123967


79.56987654320987


75.20335316387236


80.13925925925926


74.89566115702479


73.92374256354786


77.9349173553719


75.23039480800432


76.79700413223141


75.12006489994592


75.39566115702479


73.04024943310658


76.87012345679013


74.0935640886966


76.64772727272727


77.14765432098766


75.32386363636364


77.80718336483932


76.27012345679012


74.2004132231405


75.37135802469136


77.28402646502836


75.57827160493827


73.95609504132231


76.58979206049149


75.22271604938271


76.47069943289225


74.21876543209876


75.06172839506173


76.44234404536861


75.32098765432099


75.43851851851852


76.56994328922495


73.73915289256199


74.78222222222222


75.82271604938272


74.54123456790123


72.24824229313143


76.01417769376181


74.80493827160494


74.35111111111111


74.40641975308642


74.76049382716049


73.08212809917356


73.35950413223141


72.58161157024793


74.81827160493827


75.57419659735349


75.0716049382716


73.11415289256199


73.13894628099173


75.13135802469135


74.76148148148148


75.80718336483932


73.58123456790123


75.80592592592592


76.37996219281663


77.47397012222726


75.60888888888888


74.54814814814814


74.72691358024692


75.62098298676749


73.0180785123967


74.84493827160493


75.39802469135803


74.92345679012345


77.15359168241966


73.99173553719008


77.70303304662744


76.22684310018903


77.08270321361059


76.35775047258979


76.16493383742912


76.47164461247637


73.37448347107438


75.13234567901235


75.1841975308642


76.01086956521739


73.9516049382716


77.17249527410208


73.77324263038548


77.15900486749594


81.5609640831758


78.26172839506172


75.86046511627907


76.89101239669421


78.02685950413223


77.96280991735537


78.16632231404958


77.09917355371901


77.06146694214875


79.79753086419753


77.66074074074074


81.13894139886578


78.62617283950617


77.31663223140495


77.39927685950413


78.84148148148148


79.22123456790123


76.99793388429752


76.5857438016529


78.0562962962963


79.14864197530864


79.70123456790124


79.25086419753086


79.87851851851852


77.57747933884298


80.24669187145558


77.24896694214875


76.84246913580247


77.50803402646503


76.36294896030246


79.55726573110005


76.25333333333333


79.29787234042553


76.1679012345679


77.02693761814744


75.90617283950617


76.50567107750473


75.4162962962963


74.50309917355372


76.21086419753087


75.46271604938272


77.2249527410208


76.14370370370371


74.11518595041322


75.14469135802469


76.23506172839507


76.16444444444444


76.92627599243856


75.37287334593573


75.70913580246913


74.2215909090909


71.9545700378583


72.52066115702479


72.8879012345679


70.22562358276645


68.20238095238095


69.2163331530557


73.6327479338843


68.10544217687075


69.6014739229025


69.08786848072562


71.34829637641968


71.47214710654407


69.18197278911565


69.96315192743764


73.03099173553719


74.10864197530864


70.87128177393186


77.9664461247637


72.1655328798186


76.20196280991736


75.22769064359113


77.11776859504133


75.99070247933884


73.88662131519274


75.97882231404958


76.87654958677686


77.21022727272727


78.01827160493828


75.87777176852353


74.68336776859505


74.02582644628099


75.66617283950617


76.64555765595463


75.37037037037037


71.58367768595042


73.89152892561984


71.63656030286641


74.18336776859505


74.28592592592592


72.0495867768595


74.30268595041322


72.79803719008264


73.6849173553719


75.48049382716049


74.74018595041322


73.42613636363636


73.46539256198348


75.98765432098766


73.25671487603306


73.8646694214876


75.53481481481481


77.46313799621929


74.38481404958678


78.01481481481481


78.70609504132231


77.88842975206612


80.05432098765432


80.02765432098765


80.41925925925926


79.25361570247934


80.22123456790123


79.76938271604938


79.28733459357278


77.28395061728395


74.50206611570248


77.18567901234567


77.3841975308642


75.32386363636364


77.74765432098765


76.83259259259259


78.67802469135802


79.2079012345679


77.9245867768595


77.60430839002268


75.230625


65.04584775086505


62.076171875


66.46556473829202


57.902497027348396


64.14568158168575


59.87372448979592


59.30677764565993


60.755053507728896


58.40054869684499


61.73602853745541


56.62002743484225


61.326530612244895


59.729766803840874


66.77315296566077


92.12396694214875


60.98765432098765


96.28210284401034


64.22633744855968


65.46502057613169


94.224365234375


62.26331360946745


95.64417360285374


62.56656804733728


94.13973530317021


65.42935528120714


90.78635204081633


58.5408


88.1918492887351


56.064236111111114


94.16964285714286


65.72565157750343


92.14833531510106


61.71301775147929


86.52394835485215


62.569526627218934


92.56185437137817


61.650887573964496


90.39735537190083


56.64


59.84319526627219


95.73907388137357


94.82450954044612


62.86556927297668


60.39497041420118


65.91836734693878


94.82550535077289


64.34567901234568


60.2707100591716


61.989026063100134


92.38437230680839


62.49382716049383


91.89780521262003


55.4192


97.04001231148045


68.08799048751486


92.83908864364543


63.75892857142857


95.05321046373365


60.32647462277092


63.4655612244898


97.38538027411985


67.20570749108205


96.15702479338843


101.22384066587396


63.630102040816325


66.41617122473247


91.95578623606305


63.45663265306123


96.18086535877453


68.38287752675386


96.02810650887574


63.95918367346939


98.15903686087991


63.380102040816325


98.78698979591837


63.56887755102041


62.085048010973935


59.181069958847736


96.52025280091928


64.19143876337694


95.50510204081633


61.79209183673469


60.99107142857143


63.79072532699168


99.93689986282578


65.46555555555555


98.47111111111111


62.51010701545779


104.47216441207075


62.95


68.92745638200184


67.74104683195593


66.89256198347107


71.5979938271605


73.3827611395179


75.11842105263158


74.15096952908587


78.704375


78.85901249256395


91.1224173553719


82.4986479177934


86.16148148148149


83.87654958677686


85.07696280991736


89.87901701323251


88.42716049382716


96.13541666666667


98.54102457309455


96.83159722222223


100.32861307788421


102.656


103.672


98.94704861111111


102.32278217409413


102.96334860474802


99.25486645540968


104.7338608912953


106.8404


102.90581597222223


102.42462652784066


104.00564236111111


102.34178361249434


99.72637051039698


96.66074074074074


97.2093572778828


101.54253472222223


94.84641975308642


94.6632098765432


96.04631379962193


94.28260869565217


93.78904481665913


93.67100694444444


93.8164


86.82625


93.9119569396386


91.58518117901568


93.66589773164168


80.511875


93.01076509034986


90.37679012345679


77.95625


96.57315770736918


96.86213991769547


78.72505668934241


93.46101815592738


79.60302866414278


91.5375578497686


79.47539210383991


91.15123456790124


85.96297520661157


83.87633769322235


76.88972222222222


75.49635796045786


65.96076323568933


63.27003121748179


59.70823885109599


62.02079395085066


57.567722681359044


56.77988165680473


53.41779396462019


53.06154259607632


53.362536952432144


52.69148078473528


54.57470395565634


49.30336110313129


49.16891697787992


48.8142972319269


49.69513731418493


51.053466796875


51.171142578125


51.214111328125


51.18241370622323


51.0894901144641


53.79333333333334


54.347601264004595


57.66587395957194


59.303507728894175


64.17277777777778


62.598595213319456


68.9647491349481


49.03512396694215


66.15979916897507


40.39566115702479


44.67820247933884


51.407844990548206


55.620642824807604


58.51063829787234


62.572048611111114


63.337709370755995


67.69533725667723


68.44517958412098


70.47358024691358


71.66477272727273


39.86781349026709


36.12287334593573


74.93876543209876


41.145833333333336


76.20197530864198


43.45


78.1849173553719


39.63265306122449


81.60072314049587


35.30340264650284


85.51358024691358


35.37528293345405


84.5079365079365


42.47448224852071


82.3930785123967


41.50406804733728


81.11627906976744


80.80010330578513


73.75619834710744


72.4297520661157


66.53512396694215


64.49207786328655


59.74074074074074


61.136260751471255


59.883381924198254


60.451478550603916


60.5148


61.51633986928105


60.6664201183432


62.220363118547525


61.89248843004628


58.18298326806693


59.52363636363636


58.21917355371901


57.566529492455416


62.30648038049941


62.577883472057074


62.6973840665874


64.37345590347601


64.72364263142775


64.57936979785968


65.35191037058317


64.95231255386383


64.695777075553


65.33111111111111


64.38583333333334


68.17157974300831


68.04942767950052


63.7144498707268


65.93416666666667


67.09547346514047


65.39720505240527


64.98521902714324


67.049560546875


63.70330556302069


64.3095733610822


67.05029296875


65.3618039808516


65.14487276392039


65.570556640625


62.850676378772114


64.7138671875


64.205322265625


64.20023668639054


66.41055914457563


65.18181818181819


58.948231009365244


59.40967498110355


58.67170571932477


58.224741748551274


56.04630593132154


57.91943359375


59.141873278236915


55.59130859375


55.424852071005915


53.60165680473373


54.18021120293847


55.56769031141869


55.746936957006014


58.95631169922285


66.04782222222222


67.53791551246537


67.00727146814404


68.53358725761773


67.38542222222222


68.5626731301939


66.1664


61.270028672626076


57.04544378698225


55.207763671875


57.41483011937557


61.46950692041523


63.58780276816609


67.95979591836735


66.6578449905482


67.49571428571429


69.33661265432099


65.91112874429676


64.5069387755102


63.62408163265306


63.3501289426701


62.779591836734696


63.79795918367347


60.10376492194674


63.89140936777988


63.261245674740486


60.85858585858586


62.19009515570934


59.36733727810651


62.62781141868512


61.33704611271998


62.964100346020764


63.016173072883845


64.75421543344575


62.82041587901701


58.673136094674554


60.71842560553633


57.10430839002267


60.34948096885813


61.75257298886788


63.676504629629626


60.90008650519031


60.2954152249135


59.316997104032076


60.466473602138564


61.50094517958412


60.69570060147026


61.888839385163735


60.26170798898072


61.16306527066162


64.83757716049382


60.56795224977043


60.78617937408107


59.62557392102847


62.04244897959184


61.32804733727811


63.00929930795848


65.15046296296296


62.7604081632653


61.89532871972318


65.32513390200357


60.73579861884607


61.69771071800208


67.28560705573278


61.3764308012487


64.49832924927601


63.28514145689463


63.08236686390533


61.6904296875


61.325927734375


62.22508875739645


68.03208857196472


62.685302734375


63.064697265625


60.77828168304359


64.04568047337278


64.56812283737024


62.458251953125


62.307195366451325


61.972307692307695


66.43074845679013


65.93782818735559


62.33494031221304


67.52006172839506


63.049560546875


63.368456226331034


68.02063082721682


69.02058391094307


66.44421487603306


64.56450872359963


62.54040404040404


66.17893275143821


67.43741321166435


62.15504566718646


63.242863321799305


64.10964083175803


68.3312834755009


67.02612244897959


65.15984036967023


67.97164351851852


65.22122448979592


64.2010081915564


63.470588235294116


65.47510204081632


65.12329342575089


67.2710262345679


64.36


70.21422222222222


68.90284879474069


63.887759515570934


64.2512077294686


67.09837962962963


67.48283179012346


69.05817174515235


65.65857142857143


65.81201428271372


65.71455576559546


65.20734693877552


63.416666666666664


68.25595796584724


64.68793252595155


67.86246141975309


65.05687716262976


65.67102040816326


65.04390138408304


65.18483511867255


63.794117647058826


61.797607421875


67.99365205316406


67.27204081632654


67.77681660899654


70.46875619916683


68.22209846290933


65.2802734375


68.34796168411673


71.41956018518519


69.58877551020409


68.20793950850661


66.87626262626263


67.28948576675849


66.13988165680473


66.33940828402366


64.56160241874528


64.73519778281683


65.760986328125


67.47153351698806


69.10871018044108


63.776941682343455


66.93575207860923


66.03511966701353


67.90148652053414


69.288818359375


68.64651045603426


68.01456815816857


64.53983353151011


66.73694444444445


68.08583333333333


65.77039088950447


66.78916589719914


67.22191443521083


66.31763619575254


63.59122085048011


65.65785123966943


67.82579255155433


68.10403200984918


66.41071428571429


67.9427516158818


65.59343112244898


64.12132231404959


65.00031887755102


66.27085257002155


62.79206611570248


66.64298454221165


65.11695906432749


65.15695600475624


65.85077288941736


65.50951248513674


65.05386272699292


66.81729388106866


64.02893197907048


67.35076127549554


66.3436385255648


64.11757463835026


66.90922148807815


64.40073868882733


66.9132433208848


67.15972421717898


67.11548405630566


66.27083333333333


68.93751574703955


67.77198286722096


67.48621227887617


66.62187583982801


71.62442607897154


66.17629669443699


67.85840262030739


69.67573964497042


69.295166015625


69.66319526627218


70.70627218934911


66.23673257023934


68.09750566893425


65.60575114216608


63.86527777777778


63.97787991956334


64.87963228957196


60.11735537190083


57.72428154935444


54.816326530612244


56.23742563547864


72.60938271604938


71.80681818181819


69.15857438016529


70.27569035762788


84.28168402777777


69.43761814744802


54.6796875


68.82888184698959


54.641975308641975


81.02518518518518


56.866325785244705


85.2883657763694


54.80606781677573


55.13850415512465


58.550625


55.162998215348004


59.66846944294213


59.73336938885884


59.73015873015873


59.44889129259059


61.58316115702479


61.100907029478456


65.70470524607896


66.00919415900486


71.09518658734451


70.70612730517549


68.24030470914127


74.675


71.30941358024691


71.71064814814815


68.47750865051903


71.77932098765432


61.26275510204081


68.12855831037649


68.9534693877551


67.56833910034602


62.605142332415056


57.60457856399584


48.97704081632653


53.388429752066116


49.23777777777778


49.8054110301769


48.39


48.3281807372176


40.900510204081634


47.706555671175856


40.603566529492454


45.47666666666667


43.28775267538644


46.61


41.294642857142854


36.90946502057613


37.32525510204081


37.505102040816325


111.22222222222223


36.262002743484224


37.317602040816325


38.19770408163265


36.148148148148145


37.58545918367347


37.483418367346935


37.433470507544584


40.15695600475624


39.951248513674194


39.682520808561236


40.83


40.26634958382878


39.85493460166469


38.36741973840666


40.3115338882283


40.58739595719382


38.91326530612245


36.30484693877551


35.95918367346939


34.23062381852552


35.013888888888886


33.168


34.98668639053255


107.5525494276795


37.66709183673469


37.03703703703704


40.08673469387755


40.795481569560046


41.9655612244898


43.85111111111111


44.21666666666667


46.57


49.88969823100936


52.72555555555556


55.29864724245577


58.07897153351699


59.46484375


61.35353535353536


62.51147842056933


67.27684441197955


68.66764061358656


67.32651570489408


70.01869806094183


67.84141274238227


70.02625


66.00073046018991


68.238125


65.605


63.65943458251151


61.59894806048652


62.7


60.809335963182114


65.70910172516359


65.7825


67.55145746579417


67.23


69.483125


68.820625


70.3625


69.57125


67.61275476660091


70.108125


68.746875


68.171875


67.19000657462196


68.32540154669839


66.51282051282051


65.80407626561473


68.316875


64.65858725761773


63.76315789473684


65.83448753462604


66.51347797501644


63.93282548476454


65.08481262327416


60.43364197530864


64.01592797783934


66.26429980276134


64.0219138056976


65.18905817174515


119.23662306777646


64.65230094959824


113.74617346938776


64.31163434903047


119.87444444444445


66.30470914127424


64.9145361577794


65.02432610124917


65.6318211702827


64.76002629848783


63.887119113573405


62.20745069393718


63.48407202216067


64.37935568704799


66.139375


60.92520775623269


65.39842209072978


62.29847645429363


57.949826989619375


64.25484764542936


66.03393351800554


62.89554419284149


62.134404674945216


63.01680058436815


64.21959237343853


62.06994459833795


65.33859303090073


63.08101851851852


63.203067932797666


65.4819944598338


65.40959894806049


63.06172839506173


64.09626038781164


66.12049861495845


63.163623082542


63.016975308641975


63.016070124178235


66.38422205989774


66.20290858725762


64.68351800554017


64.65997229916897


66.19806094182826


64.05193905817174


63.64506172839506


66.15235457063712


63.658587257617725


65.62880886426593


65.62742382271468


65.69252077562327


65.21170282708744


66.54372123602893


65.25623268698061


63.918282548476455


65.99145299145299


62.98758217677137


65.60880999342538


65.25641025641026


65.0440499671269


64.0803324099723


64.90401051939513


66.18145956607495


66.666875


66.01


65.57922419460881


65.15927977839335


64.01939058171745


62.56464572680789


67.63125


65.69888231426692


64.68490304709141


65.86785009861933


65.9432132963989


67.27481919789612


65.359375


65.99671268902038


64.77574872169467


66.91847468770546


63.989773557341124


65.41814595660749


64.04207758053911


66.68639053254438


65.16481994459834


66.9559500328731


65.55886426592798


65.55193905817174


65.17019722425128


69.06706114398422


73.5725


66.03324099722991


69.7375


67.08587257617728


67.08547008547009


65.3898891966759


64.43827611395179


66.36218836565097


65.85798816568047


67.12119113573407


67.21630506245891


66.56213017751479


66.3808864265928


69.40368178829718


69.84


69.25838264299803


68.15253122945431


66.48753462603878


65.9362261669954


63.61504747991234


65.34972299168975


66.76177285318559


65.27684441197955


66.83629191321499


65.18559556786704


64.15412710007304


64.68590211833455


66.83826429980276


66.71400394477318


63.59104938271605


65.48137326515705


66.66828254847645


64.70562454346238


66.66074950690336


64.59626038781164


67.0713296398892


67.13434903047091


65.22991689750693


65.8449074074074


67.14682249817385


70.221875


66.31371191135734


65.35836734693878


64.21329437545654


67.07686980609418


69.6732412886259


66.4499634769905


67.83760683760684


68.29802775748722


66.91135734072022


65.74799123447772


68.70808678500987


65.16508400292184


67.39710716633793


67.44575936883629


68.36094674556213


66.40373961218836


67.4584487534626


66.82249817384952


66.45799853907963


66.69756738987508


65.72368421052632


64.59210526315789


66.93559556786704


66.63642659279779


66.17105263157895


69.27284681130836


65.57253086419753


67.21913580246914


68.0036523009496


67.74930747922437


67.94477317554241


65.44212962962963


69.18474687705456


65.53981008035062


66.03944485025566


67.64196675900277


67.6370808678501


65.45872899926954


66.70416362308254


63.81660899653979


67.43698060941828


65.17901234567901


67.47506925207756


65.35183673469388


69.72576177285319


69.4733727810651


72.3393351800554


75.25378040762656


71.92044707429322


76.169375


70.6516620498615


69.74445983379502


68.08102493074792


68.91387245233399


65.78938775510204


69.68663257852447


68.19736842105263


71.0854638422206


67.04320987654322


67.125


68.0979938271605


70.34714003944774


72.05456936226167


69.46052631578948


68.05193905817174


70.11080332409972


71.90072320841551


69.11495844875347


68.77493074792244


69.6551246537396


69.7174515235457


70.38461538461539


71.74358974358974


68.2326530612245


70.04224376731302


68.75748721694667


69.67056245434624


69.53977646285338


69.73614958448753


71.12603878116343


68.58448753462604


69.7472607742878


70.56925207756233


74.03484549638395


70.29916897506925


71.16568047337279


73.631875


71.9250493096647


69.73407202216066


69.33674214755295


70.66828254847645


70.81371191135734


67.99382716049382


72.378125


73.08809993425378


70.55818540433926


68.49013878743608


70.04382761139517


69.94252077562327


70.19113573407202


69.39737034331628


74.36375


72.49625


68.51385041551247


69.70781592403215


71.994375


70.578125


70.93688362919133


74.0525969756739


72.34319526627219


72.63504155124653


73.70611439842209


71.547783933518


71.43024105186268


76.16765285996055


73.21329639889197


74.02908587257618


72.45983379501385


72.86772853185596


76.70282708744247


68.96527777777777


72.36703601108033


68.3179012345679


70.24792243767313


71.57659434582511


72.22352081811542


70.19031141868513


70.74141709276844


72.0387811634349


70.06558641975309


71.41344046749452


69.49632653061225


71.70625


71.48060941828255


66.21469387755101


68.08102493074792


69.82894736842105


70.95325054784514


69.94608809993426


64.43904320987654


71.533125


68.14990138067061


70.881875


67.12031558185404


73.71445568114218


67.6218836565097


65.53542731921111


63.37618699780862


64.46968590211833


62.17901234567901


62.87143900657414


62.93133674214755


64.08108108108108


64.50138504155125


61.2899926953981


64.17797783933518


64.06163434903047


63.40321402483565


63.407407407407405


63.921840759678595


62.69685902118334


61.426697530864196


63.604865220249835


64.08765522279036


68.43063773833005


59.535493827160494


58.05061224489796


59.467592592592595


59.328163265306124


57.18857142857143


57.475102040816324


58.86882716049383


56.76408163265306


59.71141975308642


60.72534696859021


59.3804012345679


125.86831275720165


56.21799307958477


120.48559670781893


57.79757785467128


125.99617346938776


56.57006920415225


125.79974489795919


54.5478515625


130.4399524375743


56.411764705882355


129.23781212841854


57.93632653061224


58.67918367346939


126.19005102040816


57.220588235294116


58.928979591836736


126.39795918367346


58.20897959183674


126.44581618655693


126.3125


60.74305555555556


60.73996913580247


121.75443786982248


61.2037037037037


123.01479289940828


58.502857142857145


120.85207100591715


60.68734693877551


131.79310344827587


59.968163265306124


124.45266272189349


61.04706790123457


127.25591715976331


63.329475308641975


67.06867283950618


125.81344307270233


65.79930795847751


129.0713305898491


67.03428571428572


133.2219387755102


66.06285714285714


130.6050295857988


67.17746913580247


129.69135802469137


69.55514974433893


126.36390532544378


70.52958363769174


69.48225308641975


127.89792899408285


69.64814814814815


71.51351351351352


66.87889273356402


72.62600438276114


71.45959183673469


71.8809349890431


69.87268518518519


70.8179012345679


72.20679012345678


73.00462962962963


70.4130612244898


73.46952908587258


71.61496913580247


71.81018518518519


71.44979591836734


71.50385802469135


69.4325259515571


75.80341880341881


70.65397923875433


75.91828254847645


75.79916897506925


76.4755295836377


76.04967129291454


71.83179012345678


73.09027777777777


73.5354938271605


75.27319211102994


77.18005540166205


77.1281163434903


78.18934911242603


75.29475308641975


76.00969529085873


73.94959824689555


74.89481373265157


74.67052469135803


76.18287037037037


76.79839298758218


76.22991689750693


78.96859021183346


79.86340394448503


82.96975673898751


79.5872899926954


78.55609418282549


78.96932067202337


78.84418282548476


77.66837107377648


79.82542001460921


80.35941828254848


80.40894148586456


83.96932067202337


84.31371191135734


78.38475665748393


82.73614958448753


83.047783933518


80.0795847750865


84.60552268244577


87.36565096952909


83.88157894736842


82.78367346938775


92.619375


87.43102040816326


88.52373995617239


94.48364069006544


91.19395134779751


95.61538461538461


95.98274836406901


92.791875


90.888125


92.26177285318559


90.13642659279779


90.1439842209073


91.61735700197238


148.4298469387755


89.931875


142.56656804733728


90.89612097304405


142.0828402366864


91.14889196675901


142.3568


92.119375


145.75443786982248


90.34385272846811


143.0112


90.53947368421052


139.69270833333334


92.54898093359631


91.73109796186719


93.29847645429363


145.67307692307693


93.17159763313609


137.91145833333334


92.51315789473684


92.25904010519395


95.23022010707912


92.32548476454294


158.7391304347826


91.22279035792549


147.18336483931947


92.56481481481481


145.76909722222223


94.9086127547666


145.80034722222223


93.79839298758218


148.82644628099175


92.18074792243767


92.831875


92.86842105263158


94.4275


145.7750472589792


94.19736842105263


144.4208


94.49375410913872


92.50032873109797


93.82182774490467


96.22287968441815


154.41840277777777


92.14750692520775


93.78159240321402


148.63715277777777


90.08979591836734


151.5495867768595


91.20524691358025


91.51108033240997


147.40831758034025


88.03798392987582


91.76038781163435


95.18698060941828


91.35802469135803


94.33859303090073


89.6865306122449


90.69182825484765


93.64562787639711


91.45496383957922


92.98268698060942


93.96883656509695


94.85941828254848


92.05710886377156


91.36426592797784


92.025


91.08240997229917


93.67520775623268


91.18480642804967


95.35568704799473


91.72685185185185


89.6904432132964


93.52333990795529


92.03813280736358


89.11565096952909


93.10110803324099


93.518125


90.4702216066482


94.46942800788955


92.459375


93.77237654320987


95.034503271862


92.27562326869806


97.93293885601578


96.38227146814404


94.40762656147271


101.03839913466739


96.51875


97.34807256235828


94.84286653517422


100.78637101135749


93.05062458908613


99.88265306122449


97.96847114812611


96.50623268698061


95.26851851851852


98.78564049586777


98.51851851851852


98.23497917906009


99.87745389649018


97.870625


99.30385487528345


96.40027700831025


99.10708491076258


96.9074074074074


98.685625


96.9171597633136


101.03688280785246


98.49375371802499


101.77788279773156


101.73765615704937


99.45211183819156


103.67063492063492


101.8750743604997


97.73241288625904


97.15789473684211


97.33925049309664


158.95652173913044


95.44598337950139


96.58864265927978


152.26446280991735


99.37475345167653


94.93144044321329


94.88296398891967


95.0090027700831


96.2354570637119


96.24523339907955


98.04432132963989


95.21193771626298


100.43144044321329


97.80540166204986


96.46603360116873


98.38495252008765


96.04163623082542


97.87534626038781


99.93456276026176


98.1218836565097


98.47008547008546


104.06186793575253


98.63019390581718


100.2077580539119


97.25346968590212


99.34039444850255


101.24376731301939


99.36357659434583


100.71860618014465


100.95763330898465


102.19988102320048


105.723125


107.36260330578513


107.63636363636364


108.55705786911844


110.29333333333334


111.84395061728395


115.65414214576731


116.37282986111111


112.2344


112.19646289888504


112.68781237985391


118.37759924385634


119.3595061728395


118.61135802469136


118.64792060491493


118.77835538752363


118.44801512287334


116.51652892561984


117.79287190082644


121.59257582616569


119.68431001890359


118.48345935727788


118.53875236294896


117.67911153119093


119.06521739130434


108.86672967863895


107.1283950617284


106.6398865784499


101.02376033057851


101.24121900826447


99.96487603305785


95.12730517549078


95.33161157024793


89.81719848566793


89.74433106575964


90.12471655328798


85.44875


82.81875


80.86734086853063


80.79773944080904


78.51338488994647


75.835


74.585


73.65417488494411


72.4128494943486


69.47853185595568


63.17384952520088


140.92111111111112


59.41877551020408


138.67111111111112


59.177142857142854


136.62333333333333


58.35755102040817


143.1884765625


56.86530612244898


140.52445369406868


59.95987654320987


133.69441141498217


60.83024691358025


60.626543209876544


142.29656607700312


63.08410493827161


139.41555555555556


62.45434623813002


141.50444444444443


61.74068663257852


61.01003086419753


144.02185223725286


64.11687363038715


60.71292914536158


59.3869387755102


141.4622222222222


61.32484567901235


145.07075962539022


64.1371191135734


134.60586734693877


63.238860482103725


60.99382716049383


141.9411111111111


138.5410225921522


64.34141274238227


62.6814404432133


145.86472424557752


138.30677764565993


62.631117604090576


61.5534693877551


63.42366691015339


63.03047091412743


62.65084002921841


63.9286703601108


62.03871439006574


65.29847645429363


63.346952908587255


65.45983379501385


64.1008035062089


65.89681440443213


67.30401662049861


65.51385041551247


63.701388888888886


63.83641975308642


66.59903047091413


67.85960737656157


67.73822714681441


67.78116343490305


65.96191135734072


66.981738495252


66.79108838568298


65.83491599707816


68.68047337278107


68.12952005259697


67.7292243767313


70.45233399079552


66.24457593688363


68.42936288088643


68.08692476260043


66.71531886916502


66.86121256391527


70.37375


70.24194608809994


67.29729729729729


70.88034188034187


66.83379501385042


69.12491781722551


66.3791088385683


67.36218836565097


71.089375


68.51545036160421


70.66625


70.65375


69.53947368421052


70.599375


72.96125


73.08900226757369


76.63652587745389


70.370625


73.31972789115646


73.74950690335305


71.14634146341463


76.91666666666667


73.96728138013087


67.31163434903047


149.15814506539834


69.12119113573407


147.78002378121283


67.5235457063712


69.6691015339664


73.234375


152.05666666666667


148.33293697978596


67.61495844875347


68.61703601108033


143.65816326530611


69.34141274238227


158.05859375


67.92330168005844


68.27777777777777


153.67741935483872


64.93055555555556


64.84733382030679


62.99305555555556


65.00328731097962


65.37422839506173


68.94674556213018


63.52006172839506


64.23070987654322


63.4163623082542


60.952249770431585


63.31591836734694


66.87216946676406


64.62892622352082


64.78395061728395


66.50694444444444


63.83179012345679


64.41344046749452


67.64353542731921


64.25858290723156


65.17052469135803


67.01234567901234


65.38714390065742


67.15432098765432


66.13951789627465


69.42382271468144


64.48575602629657


62.13387755102041


139.8622448979592


64.14681440443213


153.7236328125


142.18549346016647


62.15704894083272


63.072714681440445


144.64


59.73765432098765


60.83199415631848


139.52318668252082


62.909270216962526


139.82282996432818


63.09626038781163


62.25277008310249


143.82111111111112


61.88296398891967


146.84495317377733


62.96383957922419


138.0344387755102


60.486486486486484


63.004847645429365


147.85431841831425


63.91274238227147


63.53320184089415


147.84599375650365


144.33


63.77770083102493


62.52216066481994


140.32699167657552


64.00692520775624


61.80193905817175


148.32049947970864


61.529085872576175


64.48849441157134


61.41051862673484


141.640903686088


61.140978816654496


141.8026159334126


60.81558641975309


62.24786324786325


61.62950138504155


152.3662109375


62.714681440443215


137.52933673469389


63.38227146814405


141.61355529131987


61.32202216066482


144.67444444444445


60.95152354570637


140.66825208085612


61.62885802469136


145.41555555555556


61.178232286340396


57.2334693877551


145.6822222222222


57.911764705882355


138.21173469387756


57.80489795918368


58.011574074074076


148.34555555555556


57.41142857142857


57.0735294117647


146.64923469387756


60.87885802469136


145.02880658436214


67.53947368421052


69.04528853177501


150.54719387755102


70.04938271604938


142.22041420118344


67.47755102040816


71.64120370370371


157.41973840665875


73.30241051862673


149.63648834019205


74.40663580246914


154.29336734693877


77.57487216946676


160.9690844233056


80.80817174515235


77.48684210526316


77.57779401022644


158.28775267538646


154.65178571428572


83.67125


83.54375


152.94650205761317


80.19723865877712


82.36218836565097


75.3994140625


153.34842249657063


75.9455017301038


156.07270408163265


83.36426592797784


157.71045918367346


79.8538775510204


158.95535714285714


79.37281910009183


154.08367626886147


79.31920415224913


79.55222790357925


152.90946502057614


79.39118457300276


155.22770919067216


83.08024691358025


82.01523545706371


157.57397959183675


82.98539079620161


153.50480109739368


84.33966398831264


82.29475308641975


154.7997256515775


84.36303871439007


84.83240997229917


82.79254930606282


160.0408163265306


83.82793209876543


79.85032139577594


78.615234375


83.93644996347699


82.68489795918367


81.24701561065197


161.6887755102041


81.94204152249135


156.63100137174212


84.1983024691358


158.3045267489712


82.64351851851852


84.9737034331629


168.65777777777777


85.21110299488677


160.94787379972564


83.77146814404432


164.91200951248513


80.83654729109274


160.3511659807956


82.89627465303141


89.89677843523998


157.9684499314129


82.56487889273356


160.99314128943757


82.59602076124567


162.2372448979592


84.23765432098766


83.49035812672176


162.21173469387756


85.05770635500365


84.54166666666667


159.9615912208505


86.39889196675901


160.5369822485207


82.41176470588235


156.75147928994082


83.79166666666667


84.36574074074075


88.81094182825485


86.05817174515235


159.24279835390948


83.24048442906575


82.23875432525952


84.21767713659605


82.25390218522372


88.07429322813938


85.12081632653062


83.79243827160494


162.47462277091907


82.66522491349481


163.87882653061226


87.53531855955679


87.2145061728395


81.63085399449035


83.91015625


82.11505190311419


85.72534696859022


167.24362244897958


84.11102994886778


88.001875


89.793125


171.5897920604915


88.23076923076923


167.2944


88.11033950617283


88.8525


85.98842592592592


168.5184


83.45061224489795


84.38425925925925


88.09569028487948


87.60526315789474


90.75831024930748


87.34567901234568


86.38714390065742


91.79625


89.903125


90.59764542936288


94.37656157049375


87.99228395061728


90.28336620644313


88.13714285714286


88.15789473684211


89.45434623813003


84.3154296875


83.32690541781452


89.85142857142857


99.2268244575937


85.81404320987654


163.4832


90.39958448753463


84.81726354453627


85.5665748393021


167.2880658436214


92.710625


87.39020408163265


95.0145429362881


86.66483011937558


163.3424


91.18287037037037


163.27514792899407


86.7738775510204


169.05357142857142


92.40749553837001


162.41863905325442


81.34515570934256


169.80856123662306


88.8578227245687


164.06995884773661


92.66875


164.09190672153636


89.87070854638422


163.2153635116598


83.3538062283737


87.77355734112491


90.39381320642475


165.8048469387755


87.1275476660092


163.59183673469389


82.0781592403214


88.02625


85.33136094674556


164.2079081632653


84.15858725761773


157.40384615384616


80.59102040816326


162.81344307270234


80.22405876951332


107.48760330578513


160.5


83.25224489795919


82.31117604090576


164.02331961591221


86.63425925925925


162.33579881656806


87.19066403681788


164.49931412894375


86.60803324099723


163.89940828402368


82.38734567901234


85.36961285609934


160.9852071005917


87.3517422748192


166.0781893004115


87.4702216066482


80.51606978879707


83.42824074074075


84.38296398891967


162.2958579881657


84.73635765943459


162.18244170096023


78.89814814814815


165.5841836734694


75.0634765625


162.07988165680473


82.40248356464572


163.25102880658437


83.69598337950139


168.38647959183675


82.84514243973703


165.16454081632654


79.66820987654322


84.15720221606648


168.53745541022593


76.77869605142332


165.48852040816325


84.30387143900657


159.88905325443787


87.17728531855956


166.39795918367346


84.90311418685121


163.49382716049382


86.59626038781164


162.51775147928993


82.90397923875433


168.6122448979592


84.544536271809


82.02249134948097


166.1207133058985


88.03798392987582


163.98076923076923


86.3233024691358


170.75382653061226


87.60244897959184


168.10699588477365


88.23082542001461


171.1045918367347


86.56326530612245


176.40546967895364


85.719723183391


172.7627551020408


86.66612244897959


165.53402366863907


87.8016975308642


172.27423469387756


89.23456790123457


171.78188775510205


87.3174740484429


172.55612244897958


87.94058641975309


164.32248520710058


84.0791015625


168.6255144032922


87.61387755102041


165.1671597633136


88.60108024691358


171.99617346938774


86.14792387543253


170.50617283950618


87.14532871972318


168.8559670781893


88.60339506172839


165.82248520710058


90.02160493827161


166.29142011834318


86.36418685121107


88.23875114784205


90.0409057706355


86.59765625


166.8284023668639


87.7319211102995


169.0310650887574


89.28858024691358


167.59171597633136


87.52854671280276


172.51303155006858


88.64489795918368


172.2167352537723


90.8065306122449


168.14940828402368


90.40817901234568


168.63905325443787


90.62654320987654


172.0411522633745


87.93512110726644


168.62573964497042


89.27183673469388


173.53086419753086


88.01851851851852


169.52958579881656


92.53031409788167


169.64349112426035


90.0326530612245


177.34566326530611


88.19591836734693


173.91358024691357


88.89043209876543


173.06584362139918


87.015625


169.35798816568047


87.7584940312213


175.85076530612244


84.642578125


172.7750342935528


90.32081632653062


91.5270061728395


91.3641975308642


178.59928656361475


90.27623456790124


170.63100137174212


92.59336419753086


113.01700680272108


170.89849108367628


86.76384083044982


169.8846153846154


85.41608996539793


165.8176


90.18626734842951


174.69260204081633


88.10467128027682


170.1275720164609


86.24653979238754


169.9588477366255


83.00734618916437


90.47506925207756


167.77777777777777


86.33873456790124


164.72633136094674


87.29218407596785


88.70938775510204


168.74759945130316


88.6983024691358


167.17283950617283


86.50778546712803


82.4446366782007


87.32047750229569


83.8200183654729


85.3061224489796


85.46448979591837


89.24747174301011


85.43287037037037


168.28257887517148


86.55880204528853


85.60185185185185


170.1951530612245


84.01851851851852


166.81069958847738


83.25054784514244


84.14141414141415


170.18112244897958


84.31481481481481


168.6594387755102


81.89583333333333


160.02810650887574


79.1744719926538


88.92


162.3491124260355


81.85469387755101


165.0612244897959


82.23379629629629


81.327246165084


80.35879629629629


160.20301783264748


83.01315789473684


164.11479591836735


83.98685075608152


83.17531044558072


85.075625


86.7008547008547


77.05190311418686


82.20987654320987


84.98614958448753


86.48648648648648


77.37345679012346


86.61224489795919


164.88368055555554


83.71597633136095


160.89849108367628


80.93698060941828


165.33035714285714


83.8871191135734


83.62268518518519


162.58847736625515


164.50480109739368


84.40467494521549


82.64359861591696


169.32397959183675


85.50346260387812


162.0473372781065


86.3214990138067


168.72321428571428


83.92052469135803


174.27110582639713


83.43591836734694


83.65663580246914


159.5310650887574


84.47008547008546


174.1288888888889


79.72376543209876


82.2825484764543


75.83217993079585


81.27146814404432


80.93055555555556


80.5680473372781


168.1831153388823


78.64326530612244


166.21301020408163


83.6318211702827


82.57638888888889


86.62625


166.2295918367347


83.26385041551247


80.24537037037037


168.7348394768133


80.9000657462196


159.7119341563786


82.19723865877712


80.98961218836565


81.45429362880887


162.82142857142858


78.15102040816326


81.39225712198686


154.7026627218935


80.6461218836565


162.31760204081633


79.55478395061728


159.83539094650206


80.25154320987654


83.19252077562327


165.71224732461354


78.82920110192838


156.8312757201646


79.72453703703704


82.99079552925707


82.24930747922437


81.33528122717311


80.77908587257618


81.943125


154.5828402366864


80.29475308641975


75.89446366782006


165.15814506539834


80.85470085470085


165.1462544589774


74.32006920415225


76.70343392299688


166.7205707491082


80.87509130752375


163.1122448979592


79.98685075608152


76.77335640138408


154.2337278106509


80.97783933518005


156.7764060356653


78.23611111111111


77.5068870523416


96.93694229625223


79.7887811634349


77.87654320987654


97.61604207758054


81.36342592592592


161.98979591836735


81.9729916897507


83.25115055884287


81.81925207756233


94.50361570247934


76.48576675849404


78.35899653979239


83.68902038132808


162.17969821673526


80.8005540166205


162.22085048010973


80.94123048668503


160.9519890260631


80.72680788897006


84.52932098765432


84.83864265927978


81.36851211072664


80.20216049382717


160.40384615384616


85.13019390581718


166.55612244897958


87.77712031558185


79.6640625


85.54916897506925


82.49127640036731


168.6377551020408


86.42293644996347


84.8200183654729


169.55994897959184


87.84903047091413


83.81574394463668


161.97189349112426


86.55401234567901


84.84567901234568


83.9212802768166


82.60813148788927


83.54411764705883


84.81920415224913


93.4375


85.28741965105601


104.42347214710654


100.61570493753717


116.86111111111111


107.9797739440809


98.02038132807364


114.08328375966687


102.21541950113378


85.23048668503213


88.6474609375


92.14625


178.63647959183675


176.04289940828403


90.4939446366782


176.63905325443787


95.1461218836565


91.529296875


99.37373737373737


177.8384


95.1583044982699


95.42387543252595


178.40828402366864


182.61179698216736


98.38235294117646


98.06


93.95875


94.380625


93.09248242293131


92.445625


162.65244536940688


91.8125


88.07407407407408


84.91534631054776


68.52517361111111


67.57554786620531


64.10726643598616


63.96462898885044


62.44867358708189


61.92964244521338


144.4882271468144


62.77514792899408


62.77354863514033


65.17788461538461


65.7838400666389


70.2318339100346


69.87338608912953


67.04347826086956


67.2474173553719


70.02324263038548


71.3975


163.17387543252596


69.46883656509695


153.65140478668053


66.41197954711468


159.7626953125


60.64408163265306


150.9179548156956


58.69146005509642


55.38671875


51.133174791914385


51.609988109393576


166.26


52.977777777777774


50.682397959183675


50.844993141289436


57.00666666666667


53.56360946745562


47.1152


45.189236111111114


59.166955017301035


53.32154006243496


35.47569444444444


42.543400713436384


41.44005102040816


41.00255102040816


42.78061224489796


44.505102040816325


45.255917159763314


45.64471879286694


47.387573964497044


58.4033203125


51.18622448979592


50.53826530612245


50.732510288065846


60.488033298647245


50.11390532544379


50.92011834319526


52.42011834319526


50.55281207133059


51.150887573964496


54.82544378698225


55.107142857142854


47.908442330558856


52.13165680473373


48.989026063100134


54.05111111111111


33.17832647462277


35.18792866941015


37.61538461538461


37.6198224852071


43.098214285714285


46.125


43.969821673525374


49.67729591836735


42.89497041420118


43.00887573964497


45.51303155006859


42.2848


43.94970414201183


45.52537722908093


44.35059171597633


48.273483947681335


46.70919067215363


48.183673469387756


58.376953125


48.819526627218934


53.016646848989296


53.8405612244898


56.50765306122449


50.6323731138546


54.30612244897959


53.10836762688614


49.430473372781066


48.10013717421125


49.60082304526749


52.264030612244895


52.13137755102041


50.92181069958848


51.57397959183673


51.59096313912009


48.95663265306123


46.93689986282579


47.035714285714285


48.656361474435194


49.003826530612244


47.28061224489796


43.9808


50.95333333333333


48.15089163237312


51.36224489795919


51.410714285714285


48.47599451303155


